"","storm.num","TOTAL.TIME","site.ID","year","response","HI","precip","temp","precip.week","precip.month","ThreeMonth","temp.week","Intensity","doy","burn","pf"
"1","storm1",41.7333333333333,NA,NA,NA,NA,NA,NA,NA,NA,NA,NA,NA,166.625,"burned","medium"
"2","storm2a",25.9666666666667,"CARI",2020,"NO3",0.463414634146341,46.484,12.0653012820513,10.922,10.922,10.922,16.1602430555556,1.79014120667522,170.490277777778,"burned","medium"
"3","storm2b",23.9666666666667,"CARI",2020,"NO3",0.314814814814815,37.084,10.9083680555556,57.406,57.406,57.406,14.5945300245098,1.5473157162726,171.573611111111,"burned","medium"
"4","storm2c",38.9666666666667,"CARI",2020,"NO3",-0.432432432432432,12.954,8.87249572649572,89.029,94.49,94.49,13.4927098214286,0.332437981180496,172.573611111111,"burned","medium"
"5","storm3",69.9666666666667,NA,NA,NA,NA,NA,NA,NA,NA,NA,NA,NA,174.281944444444,"burned","medium"
"6","storm4",38.9666666666667,"CARI",2020,"NO3",0.5,15.24,10.7627884615385,33.909,137.67,137.67,10.1030029761905,0.391103507271172,190.406944444444,"burned","medium"
"7","storm5",54.9666666666667,"CARI",2020,"NO3",0.375,29.972,13.8638227272727,30.48,152.91,152.91,10.6351393849206,0.545275924802911,194.198611111111,"burned","medium"
"8","storm6",45.9666666666667,"CARI",2020,"NO3",0.194444444444445,16.764,12.0235634057971,37.592,182.882,182.882,12.7546423611111,0.36469905728789,205.573611111111,"burned","medium"
"9","storm7",76.9666666666667,"CARI",2020,"NO3",0.175,32.258,12.5199318181818,34.29,194.439,199.646,12.9993519345238,0.419116500649632,208.281944444444,"burned","medium"
"10","storm8a",27.9666666666667,"CARI",2020,"NO3",0.475609756097561,23.876,12.5486607142857,32.258,145.669,231.904,12.7930550595238,0.85373063170441,214.031944444444,"burned","medium"
"11","storm8b",119.966666666667,"CARI",2020,"NO3",-0.00268817204301077,82.55,13.1249368055556,40.132,155.575,255.78,13.1514593253968,0.688107807724368,215.198611111111,"burned","medium"
"12","storm9",24.9666666666667,"CARI",2020,"NO3",0.330459770114943,21.59,9.01538333333333,41.275,185.42,338.33,13.0011560019841,0.86475300400534,250.031944444444,"burned","medium"
"13","storm1",41.7333333333333,"CARI",2020,"fDOM",-0.340978593272171,10.922,16.1602430555556,0.127,0.127,0.127,11.80375,0.261709265175719,166.625,"burned","medium"
"14","storm2a",25.9666666666667,"CARI",2020,"fDOM",-0.30649101706382,46.484,12.0653012820513,10.922,10.922,10.922,16.1602430555556,1.79014120667522,170.490277777778,"burned","medium"
"15","storm2b",23.9666666666667,"CARI",2020,"fDOM",0.141986925515055,37.084,10.9083680555556,57.406,57.406,57.406,14.5945300245098,1.5473157162726,171.573611111111,"burned","medium"
"16","storm4",38.9666666666667,"CARI",2020,"fDOM",-0.176232933964892,15.24,10.7627884615385,33.909,137.67,137.67,10.1030029761905,0.391103507271172,190.406944444444,"burned","medium"
"17","storm5",54.9666666666667,"CARI",2020,"fDOM",-0.42349551856594,29.972,13.8638227272727,30.48,152.91,152.91,10.6351393849206,0.545275924802911,194.198611111111,"burned","medium"
"18","storm6",45.9666666666667,"CARI",2020,"fDOM",-0.259316267012313,16.764,12.0235634057971,37.592,182.882,182.882,12.7546423611111,0.36469905728789,205.573611111111,"burned","medium"
"19","storm7",76.9666666666667,"CARI",2020,"fDOM",0.288341119173045,32.258,12.5199318181818,34.29,194.439,199.646,12.9993519345238,0.419116500649632,208.281944444444,"burned","medium"
"20","storm8a",27.9666666666667,"CARI",2020,"fDOM",0.153255208333334,23.876,12.5486607142857,32.258,145.669,231.904,12.7930550595238,0.85373063170441,214.031944444444,"burned","medium"
"21","storm8b",119.966666666667,"CARI",2020,"fDOM",-0.505574501573977,82.55,13.1249368055556,40.132,155.575,255.78,13.1514593253968,0.688107807724368,215.198611111111,"burned","medium"
"22","storm9",24.9666666666667,"CARI",2020,"fDOM",-0.355680972463409,21.59,9.01538333333333,41.275,185.42,338.33,13.0011560019841,0.86475300400534,250.031944444444,"burned","medium"
"23","storm1",41.7333333333333,"CARI",2020,"SPC",0.561176836861768,10.922,16.1602430555556,0.127,0.127,0.127,11.80375,0.261709265175719,166.625,"burned","medium"
"24","storm2a",25.9666666666667,"CARI",2020,"SPC",0.567007086285952,46.484,12.0653012820513,10.922,10.922,10.922,16.1602430555556,1.79014120667522,170.490277777778,"burned","medium"
"25","storm2b",23.9666666666667,"CARI",2020,"SPC",0.453636363636364,37.084,10.9083680555556,57.406,57.406,57.406,14.5945300245098,1.5473157162726,171.573611111111,"burned","medium"
"26","storm2c",38.9666666666667,"CARI",2020,"SPC",-0.433030949839915,12.954,8.87249572649572,89.029,94.49,94.49,13.4927098214286,0.332437981180496,172.573611111111,"burned","medium"
"27","storm3",69.9666666666667,"CARI",2020,"SPC",0.0702033598585323,30.226,10.3739416666667,77.217,107.444,107.444,10.4752232142857,0.432005717008099,174.281944444444,"burned","medium"
"28","storm4",38.9666666666667,"CARI",2020,"SPC",0.0981152993348114,15.24,10.7627884615385,33.909,137.67,137.67,10.1030029761905,0.391103507271172,190.406944444444,"burned","medium"
"29","storm5",54.9666666666667,"CARI",2020,"SPC",0.5952787258248,29.972,13.8638227272727,30.48,152.91,152.91,10.6351393849206,0.545275924802911,194.198611111111,"burned","medium"
"30","storm6",45.9666666666667,"CARI",2020,"SPC",0.480987055016182,16.764,12.0235634057971,37.592,182.882,182.882,12.7546423611111,0.36469905728789,205.573611111111,"burned","medium"
"31","storm7",76.9666666666667,"CARI",2020,"SPC",0.111305565278264,32.258,12.5199318181818,34.29,194.439,199.646,12.9993519345238,0.419116500649632,208.281944444444,"burned","medium"
"32","storm8a",27.9666666666667,"CARI",2020,"SPC",0.593135111499781,23.876,12.5486607142857,32.258,145.669,231.904,12.7930550595238,0.85373063170441,214.031944444444,"burned","medium"
"33","storm8b",119.966666666667,"CARI",2020,"SPC",0.494258153422141,82.55,13.1249368055556,40.132,155.575,255.78,13.1514593253968,0.688107807724368,215.198611111111,"burned","medium"
"34","storm9",24.9666666666667,"CARI",2020,"SPC",0.329861111111111,21.59,9.01538333333333,41.275,185.42,338.33,13.0011560019841,0.86475300400534,250.031944444444,"burned","medium"
"35","storm1",41.7333333333333,"CARI",2020,"turb",-0.00047655442161579,10.922,16.1602430555556,0.127,0.127,0.127,11.80375,0.261709265175719,166.625,"burned","medium"
"36","storm2a",25.9666666666667,"CARI",2020,"turb",0.00117803390852802,46.484,12.0653012820513,10.922,10.922,10.922,16.1602430555556,1.79014120667522,170.490277777778,"burned","medium"
"37","storm2b",23.9666666666667,"CARI",2020,"turb",0.000835979085012066,37.084,10.9083680555556,57.406,57.406,57.406,14.5945300245098,1.5473157162726,171.573611111111,"burned","medium"
"38","storm2c",38.9666666666667,"CARI",2020,"turb",0.145365168539326,12.954,8.87249572649572,89.029,94.49,94.49,13.4927098214286,0.332437981180496,172.573611111111,"burned","medium"
"39","storm3",69.9666666666667,"CARI",2020,"turb",-0.0817833698030634,30.226,10.3739416666667,77.217,107.444,107.444,10.4752232142857,0.432005717008099,174.281944444444,"burned","medium"
"40","storm4",38.9666666666667,"CARI",2020,"turb",0.00878378378378378,15.24,10.7627884615385,33.909,137.67,137.67,10.1030029761905,0.391103507271172,190.406944444444,"burned","medium"
"41","storm5",54.9666666666667,"CARI",2020,"turb",-0.117152466367713,29.972,13.8638227272727,30.48,152.91,152.91,10.6351393849206,0.545275924802911,194.198611111111,"burned","medium"
"42","storm6",45.9666666666667,"CARI",2020,"turb",-0.197397563676633,16.764,12.0235634057971,37.592,182.882,182.882,12.7546423611111,0.36469905728789,205.573611111111,"burned","medium"
"43","storm7",76.9666666666667,"CARI",2020,"turb",0.00205615641852197,32.258,12.5199318181818,34.29,194.439,199.646,12.9993519345238,0.419116500649632,208.281944444444,"burned","medium"
"44","storm8a",27.9666666666667,"CARI",2020,"turb",4.39660712571935e-06,23.876,12.5486607142857,32.258,145.669,231.904,12.7930550595238,0.85373063170441,214.031944444444,"burned","medium"
"45","storm8b",119.966666666667,"CARI",2020,"turb",0.00395607654792856,82.55,13.1249368055556,40.132,155.575,255.78,13.1514593253968,0.688107807724368,215.198611111111,"burned","medium"
"46","storm9",24.9666666666667,"CARI",2020,"turb",-0.000803600128576021,21.59,9.01538333333333,41.275,185.42,338.33,13.0011560019841,0.86475300400534,250.031944444444,"burned","medium"
